Info in <TUnixSystem::ACLiC>: creating shared library /sbnd/data/users/hlay/ncpizero/2022A/reevaluation_jan23/Selection/./identify_events_C.so
304 90 184
339 12 456
325 22 280
316 73 404
317 46 96
317 46 485
342 85 82
341 71 451
323 6 473
309 81 21
309 81 275
309 81 302
309 81 483
336 58 245
323 96 58
323 96 276
338 98 477
324 65 261
324 78 72
324 78 345
304 76 68
316 76 50
316 76 79
316 76 493
324 6 85
324 6 378
321 14 93
312 11 477
309 59 161
309 59 312
334 90 7
350 82 262
350 82 399
350 82 428
318 52 9
318 52 134
318 52 142
310 17 33
310 17 417
320 61 236
320 61 369
309 79 36
342 52 9
326 79 9
326 79 249
326 79 289
337 5 100
337 5 470
311 66 77
311 66 449
312 63 75
312 63 292
336 70 320
336 70 400
310 8 66
310 8 243
319 19 313
319 19 342
336 18 493
342 64 106
342 64 162
342 64 201
342 48 7
309 41 264
324 21 193
324 21 224
324 21 255
324 21 363
323 5 334
323 5 431
323 5 441
321 15 279
309 27 25
309 27 68
309 27 468
325 83 118
325 83 239
341 27 17
341 27 428
303 76 274
315 50 67
319 58 146
336 29 50
336 97 299
336 97 476
313 11 354
313 11 434
313 11 447
351 67 314
342 15 7
324 48 224
324 48 418
309 38 274
309 74 34
309 74 89
309 74 356
305 13 213
305 13 243
305 13 245
305 13 251
334 68 38
336 46 356
327 9 167
339 54 85
311 22 168
